1.000000000 0.000000000 0.000000000 0.000000000 0.000000000 1.000000000 0.000000000 0.000000000 0.000000000 0.000000000 1.000000000 0.000000000
0.999620318 0.001804429 0.027495462 0.020072229 -0.001845070 0.999997258 0.001452800 0.000365868 -0.027492765 -0.001502979 0.999620855 0.162679255
0.998101711 0.001584671 0.061567035 0.059006982 -0.001834773 0.999990284 0.004005954 -0.000802162 -0.061560091 -0.004111312 0.998094916 0.341439754
0.995005846 -0.001344705 0.099808000 0.113540873 0.000724860 0.999980211 0.006246378 -0.002563950 -0.099814430 -0.006142836 0.994987130 0.532649755
0.990194142 -0.004382605 0.139629513 0.182027951 0.003497063 0.999972165 0.006586804 0.001680415 -0.139654472 -0.006033921 0.990181863 0.733979642
0.982981205 -0.004308821 0.183656037 0.255965143 0.002904899 0.999964416 0.007912657 0.005305143 -0.183683619 -0.007244492 0.982958734 0.942940652
0.972631097 -0.003844630 0.232323140 0.341919392 0.001370819 0.999940574 0.010808658 0.010619685 -0.232350901 -0.010194365 0.972578585 1.164361715
0.959977150 -0.007532714 0.279976726 0.447356194 0.002466918 0.999826908 0.018441619 0.001338588 -0.280067235 -0.017012851 0.959829569 1.364975095
0.944723427 -0.016934345 0.327430725 0.584819376 0.008724737 0.999610066 0.026525544 -0.000309315 -0.327752203 -0.022202551 0.944502771 1.589978099
0.925227582 -0.021682525 0.378792554 0.730545998 0.010750899 0.999463201 0.030950587 0.003781188 -0.379260272 -0.024563983 0.924963892 1.815838099
0.901684165 -0.022934120 0.431786627 0.889650702 0.008632818 0.999348223 0.035052251 0.008826092 -0.432309091 -0.027878523 0.901294351 2.052189112
0.875240028 -0.024866253 0.483049244 1.059092522 0.006378666 0.999184191 0.039878130 0.011976346 -0.483646780 -0.031821724 0.874684632 2.265885115
0.844470203 -0.029198555 0.534806073 1.251419306 0.006626554 0.999006033 0.044078805 0.020955831 -0.535561621 -0.033679310 0.843824387 2.492461681
0.810164869 -0.035143539 0.585147619 1.475294113 0.008780670 0.998816848 0.047830954 0.021186844 -0.586136162 -0.033612974 0.809514999 2.714073181
0.773425937 -0.038997021 0.632685900 1.709566832 0.008986426 0.998680055 0.050570440 0.029813886 -0.633823037 -0.033426907 0.772755504 2.935989857
0.735020220 -0.042072415 0.676738620 1.968109131 0.009719923 0.998624325 0.051526830 0.045567885 -0.677975476 -0.031295411 0.734418035 3.145120621
0.694031119 -0.043740880 0.718615055 2.260495663 0.008327246 0.998573601 0.052739110 0.062782302 -0.719896913 -0.030618496 0.693405449 3.379893303
0.652584136 -0.043622956 0.756459475 2.571643353 0.002989715 0.998481870 0.055000544 0.080601275 -0.757710397 -0.033630885 0.651723862 3.606191635
0.612376690 -0.044251822 0.789326668 2.897537470 -0.000222460 0.998422503 0.056146905 0.092329860 -0.790566087 -0.034558643 0.611400843 3.811272144
0.572774053 -0.045366123 0.818456948 3.267537594 -0.002121321 0.998382032 0.056823704 0.116442233 -0.819710672 -0.034283351 0.571751058 4.033700466
0.534687459 -0.047359619 0.843721747 3.671533346 -0.004098581 0.998271227 0.058632132 0.138920143 -0.845040023 -0.034807928 0.533569038 4.260969162
0.498566240 -0.046893895 0.865582228 4.090912819 -0.007229535 0.998276055 0.058246862 0.159664184 -0.866821468 -0.035297677 0.497367680 4.472728729
0.462371796 -0.046062075 0.885488927 4.543107033 -0.008615492 0.998369277 0.056432694 0.185494632 -0.886644304 -0.033721808 0.461220950 4.685355186
0.429307759 -0.044790134 0.902047038 5.025785446 -0.007683444 0.998552322 0.053238761 0.209115937 -0.903125584 -0.029786641 0.428342104 4.887106895
0.400661260 -0.043148175 0.915209591 5.539425850 -0.005524030 0.998758554 0.049505450 0.233159959 -0.916209757 -0.024890564 0.399925411 5.080410957
0.375540704 -0.041551154 0.925874054 6.078569889 -0.004379135 0.998903751 0.046604775 0.257458866 -0.926795602 -0.021556519 0.374947071 5.280686378
0.355540603 -0.041193180 0.933752656 6.643317699 -0.003397739 0.998964727 0.045363806 0.283510417 -0.934654653 -0.019301319 0.355032563 5.480474472
0.340662330 -0.041878875 0.939252496 7.243905067 -0.002758035 0.998958588 0.045541342 0.306039155 -0.940181673 -0.018104712 0.340192050 5.702745438
0.329532504 -0.042873017 0.943170309 7.875594139 -0.001462367 0.998944104 0.045919213 0.338864982 -0.944143116 -0.016511137 0.329121917 5.911881924
0.318631619 -0.044444662 0.946836114 8.523351669 -0.002800873 0.998851657 0.047828835 0.370792568 -0.947874546 -0.017891740 0.318141222 6.129198551
0.307994962 -0.046227410 0.950264215 9.190002441 -0.004093063 0.998745203 0.049912483 0.399560273 -0.951379120 -0.019262290 0.307419330 6.349701881
0.298550069 -0.047926925 0.953189850 9.879031181 -0.005123619 0.998643398 0.051817141 0.429597765 -0.954380214 -0.020353790 0.297899544 6.550776482
0.288293988 -0.049803998 0.956245780 10.605305672 -0.006642499 0.998518407 0.054008286 0.456392944 -0.957518876 -0.021922123 0.287536055 6.779641151
0.278211236 -0.051007021 0.959164560 11.342502594 -0.006590410 0.998464167 0.055008493 0.496615410 -0.960497379 -0.021625267 0.277447701 6.987320900
0.267307192 -0.052240197 0.962194204 12.084630966 -0.006846990 0.998401284 0.056108125 0.532046616 -0.963586986 -0.021586243 0.266522139 7.204567909
0.257379532 -0.055452593 0.964717984 12.859680176 -0.008363713 0.998186827 0.059607781 0.565142691 -0.966274202 -0.023410449 0.256449133 7.402285576
0.245999783 -0.058572579 0.967498481 13.663888931 -0.010670476 0.997948349 0.063129134 0.606906235 -0.969211102 -0.025853423 0.244870096 7.613968372
0.234171420 -0.062500075 0.970184267 14.454517365 -0.011400353 0.997686267 0.067023456 0.646395028 -0.972128510 -0.026755419 0.232917100 7.797641754
0.220870569 -0.064460032 0.973170638 15.243554115 -0.012461625 0.997545540 0.068902850 0.688366294 -0.975223541 -0.027345898 0.219525188 7.980081081
0.206461981 -0.064999789 0.976293147 16.051355362 -0.012639468 0.997530639 0.069086671 0.731429219 -0.978372931 -0.026603600 0.205130562 8.156635284
0.191794574 -0.063783273 0.979360282 16.848855972 -0.014842247 0.997583330 0.067876764 0.769812942 -0.981322885 -0.027554298 0.190384373 8.322134972
0.175230831 -0.062845990 0.982519448 17.664318085 -0.015447269 0.997662306 0.066569574 0.810178876 -0.984406292 -0.026842285 0.173850387 8.465503693
0.155025363 -0.061504681 0.985994041 18.477308273 -0.018106980 0.997715592 0.065082766 0.846899033 -0.987744570 -0.027942849 0.153557524 8.588538170
0.129948243 -0.059512123 0.989733219 19.306390762 -0.022450596 0.997764647 0.062942721 0.890093625 -0.991266727 -0.030399395 0.128321677 8.693373680
0.099132493 -0.059481826 0.993294835 20.141405106 -0.026808064 0.997689843 0.062420502 0.921502948 -0.994713068 -0.032816213 0.097308889 8.780747414
0.065552011 -0.059040096 0.996101022 20.982416153 -0.030316062 0.997669518 0.061128110 0.962386370 -0.997388482 -0.034204938 0.063609384 8.837830544
0.031432353 -0.058905747 0.997768581 21.818632126 -0.031509969 0.997707248 0.059894770 0.991266131 -0.999009073 -0.033322301 0.029504165 8.851807594
-0.001939528 -0.057475202 0.998345077 22.656463623 -0.032986198 0.997807324 0.057380162 1.023697257 -0.999453962 -0.032820314 -0.003831156 8.839628220
-0.035178650 -0.055270165 0.997851551 23.522853851 -0.034900144 0.997928381 0.054044038 1.061220407 -0.998771429 -0.032923974 -0.037034716 8.804859161
-0.068066247 -0.052173331 0.996315658 24.373329163 -0.037341297 0.998065174 0.049713865 1.091367245 -0.996981740 -0.033819888 -0.069882773 8.746225357
-0.100350872 -0.047942072 0.993796408 25.217628479 -0.033898044 0.998423278 0.044742346 1.111292601 -0.994374514 -0.029197829 -0.101817802 8.644303322
-0.132098645 -0.042416245 0.990328670 26.045831680 -0.029600017 0.998807251 0.038831078 1.126629710 -0.990794599 -0.024184212 -0.133196592 8.517579079
-0.162624419 -0.036382712 0.986017048 26.870782852 -0.023387089 0.999181330 0.033011209 1.141881227 -0.986410856 -0.017691636 -0.163342163 8.371248245
-0.191793829 -0.030967692 0.980946660 27.703163147 -0.017435445 0.999451935 0.028142922 1.151565075 -0.981280386 -0.011705602 -0.192228660 8.189960480
-0.219432876 -0.024901694 0.975309670 28.521873474 -0.008969185 0.999683380 0.023506043 1.160249591 -0.975586474 -0.003589735 -0.219586745 7.984127045
-0.246059969 -0.014920277 0.969139755 29.336893082 -0.003014163 0.999888420 0.014628381 1.153580546 -0.969249964 0.000678313 -0.246077478 7.759191513
-0.271597654 0.000698511 0.962410629 30.126880646 0.001413889 0.999998927 -0.000326785 1.144349098 -0.962409854 0.001271988 -0.271598309 7.526337147
-0.296803594 0.018210195 0.954765022 30.912624359 0.002708467 0.999830186 -0.018227752 1.123968363 -0.954934716 -0.002824115 -0.296802521 7.273802757
-0.322044700 0.033228580 0.946141124 31.700990677 0.002149745 0.999406934 -0.034367554 1.100506306 -0.946722031 -0.009033926 -0.321925133 7.000102043
-0.346740246 0.043606956 0.936946988 32.472991943 0.005819575 0.998999476 -0.044341296 1.058275223 -0.937943161 -0.009922279 -0.346647084 6.702778816
-0.370194018 0.047828045 0.927722394 33.236850739 0.009252298 0.998813987 -0.047801122 1.008551836 -0.928908408 -0.009112125 -0.370197445 6.379079819
-0.393274784 0.047467597 0.918194830 33.995853424 0.012641213 0.998851180 -0.046222862 0.960186124 -0.919334054 -0.006571188 -0.393423080 6.051654816
-0.413904697 0.042957436 0.909306049 34.739978790 0.015682558 0.999074161 -0.040059768 0.909448862 -0.910185099 -0.002320677 -0.414195210 5.700400352
-0.432079047 0.041280936 0.900890410 35.476890564 0.023154471 0.999130249 -0.034677330 0.863289714 -0.901538372 0.005876293 -0.432659149 5.329677582
-0.445720524 0.041591991 0.894205332 36.195415497 0.025464073 0.999104857 -0.033778485 0.818264365 -0.894809902 0.007714347 -0.446380585 4.959868431
-0.457059175 0.045727007 0.888260007 36.903999329 0.029283330 0.998909771 -0.036355268 0.772840142 -0.888953984 0.009394701 -0.457900017 4.586883545
-0.467214644 0.048181448 0.882830143 37.604698181 0.029896457 0.998803914 -0.038688928 0.729829550 -0.883638442 0.008317457 -0.468096226 4.210880280
-0.477997482 0.047895160 0.877054453 38.317184448 0.024268882 0.998851120 -0.041319765 0.679890275 -0.878026009 0.001534389 -0.478610605 3.829792023
-0.489326537 0.046529312 0.870858490 39.017845154 0.023773234 0.998916209 -0.040013410 0.634184718 -0.871776462 0.001123500 -0.489902407 3.440615654
-0.498186052 0.047680657 0.865758181 39.700698853 0.025729200 0.998860121 -0.040205669 0.590674162 -0.866688371 0.002245363 -0.498844951 3.043575287
-0.505594432 0.050587937 0.861286879 40.409263611 0.028074577 0.998715639 -0.042179439 0.552157640 -0.862314343 0.002854577 -0.506365240 2.622844696
-0.509302258 0.053541761 0.858920455 41.119773865 0.029750725 0.998561561 -0.044605561 0.506287217 -0.860073328 0.002835801 -0.510162532 2.203304291
-0.509164870 0.055757470 0.858860910 41.837005615 0.029063204 0.998444021 -0.047589485 0.463823199 -0.860178053 0.000730354 -0.509993136 1.788700104
-0.505584061 0.055912267 0.860963643 42.559165955 0.031391721 0.998429298 -0.046405315 0.413833380 -0.862206042 0.003565347 -0.506545186 1.353942871
-0.499642164 0.054779321 0.864498019 43.321838379 0.028939860 0.998496950 -0.046544246 0.365075469 -0.865748227 0.001762984 -0.500476480 0.920812607
-0.492417157 0.053667922 0.868703008 44.099502563 0.027035315 0.998558640 -0.046365563 0.318327665 -0.869939327 0.000654459 -0.493158311 0.487234116
-0.485033959 0.053215787 0.872874618 44.890586853 0.025224356 0.998582780 -0.046863198 0.267066121 -0.874131322 -0.000712545 -0.485688955 0.054670334
-0.478528500 0.051860906 0.876539171 45.687347412 0.022993945 0.998652101 -0.046532713 0.211988449 -0.877771020 -0.002112136 -0.479075909 -0.376548767
-0.474371880 0.049720742 0.878919363 46.504283905 0.018471716 0.998746157 -0.046529796 0.162645817 -0.880130708 -0.005837281 -0.474695504 -0.802154541
-0.472909153 0.046664979 0.879874587 47.349754333 0.013651628 0.998864770 -0.045638349 0.109248638 -0.881005406 -0.009571072 -0.473009348 -1.245149612
-0.473433822 0.044217460 0.879718840 48.197235107 0.011464628 0.998963892 -0.044041250 0.047043204 -0.880754769 -0.010764962 -0.473450243 -1.685813904
-0.474379241 0.043181133 0.879260898 49.057075500 0.010559627 0.999003470 -0.043364648 -0.007497907 -0.880257249 -0.011286619 -0.474362493 -2.143417358
-0.474758327 0.042364601 0.879095972 49.940597534 0.010011261 0.999036074 -0.042738043 -0.059575558 -0.880059242 -0.011489381 -0.474724859 -2.615800858
-0.475080818 0.041859355 0.878946006 50.824855804 0.009937149 0.999059319 -0.042208552 -0.112421870 -0.879885972 -0.011318253 -0.475049943 -3.086753845
-0.475257307 0.040818848 0.878899515 51.719154358 0.009685952 0.999105394 -0.041163988 -0.166206360 -0.879793525 -0.011050509 -0.475227535 -3.565643311
-0.475155383 0.040654264 0.878962219 52.624435425 0.010035517 0.999117494 -0.040786684 -0.224046350 -0.879844666 -0.010559172 -0.475144029 -4.053394318
-0.475376815 0.039286669 0.878904641 53.537712097 0.007847009 0.999152064 -0.040417433 -0.276079059 -0.879747272 -0.012316737 -0.475282013 -4.540704727
-0.475651950 0.038331483 0.878798008 54.434818268 0.006787327 0.999180198 -0.039908674 -0.333906174 -0.879607439 -0.013017943 -0.475522101 -5.014537811
-0.474955022 0.037567917 0.879207730 55.347126007 0.005944295 0.999202490 -0.039484043 -0.394667745 -0.879989922 -0.013526876 -0.474799544 -5.501707077
-0.473810643 0.036031809 0.879889309 56.244930267 0.005241425 0.999260187 -0.038097650 -0.448472738 -0.880611181 -0.013439195 -0.473648965 -5.982517242
-0.471727967 0.033818260 0.881095350 57.148235321 0.005356194 0.999355674 -0.035489693 -0.505385041 -0.881727874 -0.012022164 -0.471605211 -6.460958481
-0.468986422 0.032299973 0.882614553 58.040863037 0.006076072 0.999425352 -0.033346176 -0.564395547 -0.883184373 -0.010276075 -0.468913227 -6.937250137
-0.466479897 0.032182407 0.883946240 58.944854736 0.006338449 0.999433815 -0.033042088 -0.614901543 -0.884509146 -0.009810625 -0.466419816 -7.409440994
-0.464467764 0.032271054 0.885001957 59.850036621 0.006272341 0.999430597 -0.033151779 -0.669123292 -0.885567844 -0.009846897 -0.464405715 -7.878383636
-0.463257551 0.033029471 0.885607958 60.747451782 0.006291004 0.999402642 -0.033982728 -0.718035340 -0.886201382 -0.010171391 -0.463188589 -8.352502823
-0.464181900 0.034513351 0.885067165 61.642539978 0.006022525 0.999340475 -0.035810884 -0.772842169 -0.885719419 -0.011292424 -0.464083552 -8.815309525
-0.467241228 0.036254000 0.883386254 62.531356812 0.004379287 0.999241590 -0.038692385 -0.829324841 -0.884119093 -0.014210071 -0.467045605 -9.276525497
-0.471838951 0.036869258 0.880913496 63.424171448 0.003168859 0.999189734 -0.040122218 -0.885071278 -0.881678939 -0.016139735 -0.471573561 -9.751111984
-0.477754474 0.035353202 0.877781749 64.305816650 0.004691777 0.999278367 -0.037692938 -0.942037463 -0.878480792 -0.013889614 -0.477575570 -10.222684860
-0.483087867 0.032852918 0.874955356 65.180656433 0.005737842 0.999393106 -0.034357302 -0.996840596 -0.875553012 -0.011577238 -0.482983232 -10.706457138
-0.488614768 0.030351846 0.871971428 66.060455322 0.002982570 0.999446988 -0.033117745 -1.054148078 -0.872494519 -0.013581102 -0.488435030 -11.187387466
-0.494150043 0.033624854 0.868726134 66.926856995 0.005530796 0.999353170 -0.035534855 -1.107971311 -0.869359016 -0.012754803 -0.494016290 -11.671541214
-0.499042064 0.035584152 0.865846872 67.785476685 0.005555239 0.999267399 -0.037865568 -1.153037548 -0.866560102 -0.014086524 -0.498874128 -12.163984299
-0.504061520 0.036668658 0.862888992 68.627380371 0.004182446 0.999190211 -0.040017612 -1.206006169 -0.863657653 -0.016562348 -0.503806651 -12.644460678
-0.507313669 0.036972675 0.860967934 69.452507019 0.003554759 0.999160469 -0.040812504 -1.262499332 -0.861754060 -0.017644210 -0.507019281 -13.138135910
-0.510860384 0.036495458 0.858888686 70.285820007 0.004877762 0.999205470 -0.039556481 -1.317318320 -0.859649777 -0.016018381 -0.510632575 -13.629055023
-0.512856007 0.029239042 0.857976615 71.128967285 0.005154668 0.999506772 -0.030981060 -1.362428427 -0.858459175 -0.011466233 -0.512753665 -14.135238647
-0.515472353 0.019676251 0.856680214 71.971061707 0.003520777 0.999776542 -0.020844409 -1.417471409 -0.856898844 -0.007728537 -0.515426517 -14.633348465
-0.517332554 0.018141240 0.855592072 72.802841187 0.004572793 0.999819636 -0.018434377 -1.457245350 -0.855772138 -0.005624260 -0.517322183 -15.130577087
-0.517895103 0.023351561 0.855125427 73.610130310 0.005376537 0.999696493 -0.024043247 -1.497632623 -0.855427265 -0.007854268 -0.517863393 -15.620546341
-0.520103395 0.028924391 0.853613377 74.431854248 0.006176657 0.999527693 -0.030105229 -1.540738225 -0.854080975 -0.010385355 -0.520036280 -16.098575592
-0.519776046 0.033062391 0.853662550 75.233596802 0.012373284 0.999437332 -0.031174444 -1.582476377 -0.854212940 -0.005641120 -0.519892693 -16.610092163
-0.519558787 0.034463026 0.853739440 76.042785645 0.015991449 0.999403477 -0.030611183 -1.629302859 -0.854285061 -0.002251778 -0.519800007 -17.113304138
-0.519147515 0.031133665 0.854117453 76.862533569 0.014422305 0.999513149 -0.027667396 -1.668069363 -0.854562998 -0.002045117 -0.519343793 -17.604839325
-0.518526077 0.026191305 0.854660571 77.675369263 0.012474237 0.999656141 -0.023066558 -1.702040195 -0.854970872 -0.001299376 -0.518674552 -18.096591949
-0.518340826 0.018945616 0.854964197 78.488182068 0.009540066 0.999820411 -0.016371688 -1.745071173 -0.855120897 -0.000329700 -0.518428445 -18.565139771
-0.518069208 0.013691983 0.855229139 79.305740356 0.001032466 0.999881089 -0.015382388 -1.776803255 -0.855338097 -0.007086145 -0.518021643 -19.034627914
-0.516412616 0.008810937 0.856294572 80.119972229 -0.006088129 0.999883890 -0.013960038 -1.806850910 -0.856318235 -0.012422372 -0.516299069 -19.508359909
-0.514520586 0.009217464 0.857428551 80.932754517 -0.003018751 0.999916553 -0.012560703 -1.841614604 -0.857472718 -0.009051103 -0.514449775 -19.992122650
-0.510935009 0.012652507 0.859526157 81.740386963 0.000943374 0.999899328 -0.014158068 -1.864793062 -0.859618664 -0.006423000 -0.510895550 -20.482824326
-0.505324781 0.015940847 0.862781942 82.548370361 0.002818211 0.999854505 -0.016822809 -1.889451623 -0.862924576 -0.006069481 -0.505296290 -20.958223343
-0.497429401 0.017769085 0.867322564 83.354095459 0.007951190 0.999841571 -0.015923854 -1.922809243 -0.867467999 -0.001024747 -0.497491837 -21.421483994
-0.488946736 0.021072362 0.872058988 84.180015564 0.014811922 0.999764562 -0.015853466 -1.952273846 -0.872187793 0.005165371 -0.489143819 -21.900556564
-0.479187369 0.020316182 0.877477467 84.993911743 0.012602184 0.999788284 -0.016266027 -1.981639147 -0.877622187 0.003263659 -0.479341924 -22.333442688
-0.468076587 0.018178094 0.883500934 85.819274902 0.010654815 0.999831855 -0.014926717 -2.008289814 -0.883623660 0.002426693 -0.468191564 -22.761960983
-0.456298590 0.014709411 0.889705062 86.639984131 0.010813339 0.999881148 -0.010985157 -2.038961887 -0.889761090 0.004608169 -0.456403494 -23.174530029
-0.444665402 0.014051848 0.895586550 87.467285156 0.010017105 0.999892414 -0.010714853 -2.062321186 -0.895640790 0.004206659 -0.444758356 -23.585372925
-0.433501452 0.012818011 0.901061654 88.325355530 0.009734784 0.999907017 -0.009540723 -2.083489418 -0.901100278 0.004635723 -0.433586001 -23.981266022
-0.421477228 0.013710906 0.906735420 89.158645630 0.010841542 0.999890506 -0.010080053 -2.108995438 -0.906774163 0.005581895 -0.421579778 -24.363258362
-0.408974022 0.017759886 0.912373185 89.991966248 0.010628180 0.999835491 -0.014698281 -2.140894413 -0.912484109 0.003685650 -0.409095526 -24.735033035
-0.397421122 0.026964275 0.917240083 90.828010559 0.013459307 0.999631941 -0.023554724 -2.172523022 -0.917537630 0.002984271 -0.397637784 -25.093313217
-0.383869499 0.031185070 0.922860563 91.684387207 0.012039677 0.999513566 -0.028767329 -2.205177069 -0.923308790 0.000068042 -0.384058297 -25.461471558
-0.372285157 0.027664956 0.927705944 92.539588928 0.010206007 0.999617219 -0.025713773 -2.242995977 -0.928062260 -0.000104683 -0.372425050 -25.795246124
-0.360893071 0.024127945 0.932294965 93.403442383 0.008904235 0.999708831 -0.022425782 -2.282918453 -0.932564676 0.000208065 -0.361002803 -26.116847992
-0.350364894 0.024356999 0.936296403 94.267204285 0.004748909 0.999695182 -0.024229204 -2.322377205 -0.936601222 -0.004042676 -0.350373715 -26.439983368
-0.343576163 0.029111274 0.938673496 95.130706787 -0.000432382 0.999514341 -0.031156410 -2.360647440 -0.939124703 -0.011110464 -0.343396783 -26.741245270
-0.338452250 0.034492321 0.940351188 95.983459473 -0.005480728 0.999238729 -0.038624953 -2.402587891 -0.940967560 -0.018226512 -0.338005573 -27.034803391
-0.335262477 0.036757585 0.941407442 96.839256287 -0.008348873 0.999083459 -0.041982837 -2.448899269 -0.942087770 -0.021934962 -0.334648252 -27.326511383
-0.331291407 0.036610603 0.942817926 97.690711975 -0.009308659 0.999071419 -0.042065900 -2.501794815 -0.943482578 -0.022712447 -0.330642998 -27.620779037
-0.326472074 0.036631290 0.944496810 98.541770935 -0.010670488 0.999042273 -0.042435106 -2.551512241 -0.945146680 -0.023932118 -0.325768501 -27.902778625
-0.320691317 0.031807333 0.946649551 99.413558960 -0.015145517 0.999135971 -0.038701642 -2.601684093 -0.947062671 -0.026748776 -0.319932520 -28.194572449
-0.315504789 0.028003063 0.948510766 100.263504028 -0.015242862 0.999285936 -0.034572370 -2.649444580 -0.948801517 -0.025365774 -0.314852655 -28.467189789
-0.309689879 0.025424723 0.950497627 101.125991821 -0.016600514 0.999345481 -0.032140106 -2.696111917 -0.950692713 -0.025732219 -0.309065074 -28.739540100
-0.303983510 0.023780975 0.952380359 101.986007690 -0.025079960 0.999142110 -0.032953709 -2.740651608 -0.952347219 -0.033903051 -0.303126365 -28.992776871
-0.297960550 0.024525352 0.954263031 102.848060608 -0.031950440 0.998853564 -0.035647623 -2.782958746 -0.954043388 -0.041110709 -0.296835363 -29.242111206
-0.290583342 0.028279990 0.956431627 103.707542419 -0.029499272 0.998823345 -0.038495909 -2.836926460 -0.956394970 -0.039400309 -0.289407104 -29.506196976
-0.283538491 0.031642355 0.958438635 104.556991577 -0.027885310 0.998760760 -0.041222986 -2.882204294 -0.958555281 -0.038414661 -0.282304853 -29.752464294
-0.276911795 0.029623441 0.960438609 105.421661377 -0.029702401 0.998783171 -0.039369874 -2.929710865 -0.960436106 -0.039429318 -0.275694937 -29.994384766
-0.270288020 0.024822069 0.962459505 106.282440186 -0.029783593 0.998973608 -0.034127921 -2.976224422 -0.962318718 -0.037889872 -0.269271284 -30.224113464
-0.263184100 0.022184206 0.964490592 107.152702332 -0.030704314 0.999036551 -0.031357192 -3.024561167 -0.964256942 -0.037866734 -0.262249321 -30.453804016
-0.256482333 0.025437452 0.966214120 108.020584106 -0.033004049 0.998840213 -0.035057344 -3.066118002 -0.965985298 -0.040880561 -0.255345315 -30.673898697
-0.250168055 0.028170019 0.967792511 108.883140564 -0.032597862 0.998764873 -0.037497878 -3.113781452 -0.967653453 -0.040928736 -0.248940751 -30.888713837
-0.243504316 0.028587705 0.969478428 109.747299194 -0.034533605 0.998676181 -0.038122509 -3.160070896 -0.969284773 -0.042762578 -0.242194757 -31.092901230
-0.236399502 0.028164979 0.971247792 110.621887207 -0.035086870 0.998680413 -0.037500568 -3.207201719 -0.971022248 -0.042943161 -0.235099331 -31.301895142
-0.228075832 0.027639687 0.973250985 111.490997314 -0.030998031 0.998884082 -0.035631869 -3.255466461 -0.973149836 -0.038295634 -0.226964563 -31.506074905
-0.220430359 0.029042445 0.974970281 112.356826782 -0.027939599 0.998958468 -0.036073852 -3.299496174 -0.975002468 -0.035192050 -0.219389334 -31.702594757
-0.213500068 0.029722068 0.976490796 113.225402832 -0.026603900 0.998989463 -0.036223553 -3.345427036 -0.976580679 -0.033712190 -0.212493584 -31.891033173
-0.207127124 0.028739924 0.977891803 114.115921021 -0.032881036 0.998799145 -0.036318913 -3.390858173 -0.977761328 -0.039676730 -0.205933422 -32.059394836
-0.201296598 0.027015358 0.979157746 114.990615845 -0.037257496 0.998685062 -0.035213578 -3.436907768 -0.978821516 -0.043569334 -0.200025424 -32.223487854
-0.196831018 0.026997006 0.980065644 115.856979370 -0.034773432 0.998799622 -0.034496762 -3.478157520 -0.979820609 -0.040870279 -0.195655972 -32.392929077
-0.191945493 0.026994018 0.981034219 116.719383240 -0.033127617 0.998873770 -0.033966511 -3.525950909 -0.980846286 -0.039019052 -0.190835088 -32.563785553
-0.186905190 0.028542070 0.981963217 117.594924927 -0.032444123 0.998853207 -0.035208359 -3.566650867 -0.981841981 -0.038439561 -0.185764819 -32.728744507
-0.181141093 0.027471375 0.983073354 118.463973999 -0.026402140 0.999113619 -0.032784469 -3.607395172 -0.983102560 -0.031893846 -0.180255249 -32.885597229
-0.175950199 0.025776841 0.984061599 119.343391418 -0.018944399 0.999383330 -0.029565446 -3.652161121 -0.984216750 -0.023844499 -0.175353408 -33.047466278
-0.170985758 0.025005205 0.984956145 120.205215454 -0.017559223 0.999441803 -0.028421188 -3.692491293 -0.985116959 -0.022154676 -0.170451224 -33.195735931
-0.166580796 0.026448011 0.985673130 121.098251343 -0.019829083 0.999348223 -0.030166112 -3.735776663 -0.985828519 -0.024570085 -0.165947810 -33.342689514
-0.163166732 0.028557332 0.986185014 121.975646973 -0.021561662 0.999239087 -0.032502767 -3.770847082 -0.986362934 -0.026567161 -0.162426814 -33.478454590
-0.161187366 0.028108010 0.986523449 122.853691101 -0.024094168 0.999184310 -0.032405470 -3.814907789 -0.986629605 -0.028992817 -0.160378665 -33.615394592
-0.160015792 0.027064826 0.986743331 123.732185364 -0.024085879 0.999219477 -0.031312928 -3.854344606 -0.986820519 -0.028777143 -0.159239009 -33.755561829
-0.159654677 0.021919975 0.986929536 124.607803345 -0.023135630 0.999395788 -0.025939487 -3.898155689 -0.986901760 -0.026974592 -0.159051076 -33.885437012
-0.158618569 0.017079590 0.987192214 125.485710144 -0.024620084 0.999471009 -0.021247895 -3.934584141 -0.987032831 -0.027675062 -0.158114150 -34.020721436
-0.157649592 0.015259127 0.987377226 126.351303101 -0.023613254 0.999536455 -0.019217251 -3.969921350 -0.987212777 -0.026344778 -0.157216206 -34.157386780
-0.156282440 0.019905867 0.987511754 127.215911865 -0.023469204 0.999439776 -0.023860512 -4.006407738 -0.987433553 -0.026905095 -0.155727699 -34.290817261
-0.156497762 0.023815654 0.987391174 128.073562622 -0.023448924 0.999337912 -0.027820367 -4.039170742 -0.987399876 -0.027507085 -0.155835703 -34.419857025
-0.156723514 0.023113286 0.987372160 128.937194824 -0.027024705 0.999251425 -0.027680947 -4.072750568 -0.987272680 -0.031021694 -0.155981600 -34.543712616
-0.156029508 0.022003889 0.987507224 129.787597656 -0.028705996 0.999228597 -0.026800709 -4.116196632 -0.987335265 -0.032529086 -0.155277476 -34.671470642
-0.155075386 0.022347452 0.987649798 130.626159668 -0.023824602 0.999368727 -0.026353426 -4.160439968 -0.987615228 -0.027617134 -0.154445082 -34.809913635
-0.153625309 0.025212454 0.987807572 131.464141846 -0.025703870 0.999234140 -0.029501615 -4.193342209 -0.987794757 -0.029922668 -0.152859643 -34.942989349
-0.154652566 0.026385820 0.987616479 132.305130005 -0.033798769 0.998916924 -0.031980336 -4.234945774 -0.987390518 -0.038326066 -0.153593272 -35.051185608
-0.153784469 0.027598038 0.987718940 133.145843506 -0.040264048 0.998604715 -0.034171171 -4.278888226 -0.987283707 -0.045024559 -0.152458668 -35.169761658
-0.153304622 0.031116104 0.987688959 133.975234985 -0.037001673 0.998622417 -0.037203785 -4.321908951 -0.987486005 -0.042249657 -0.151942074 -35.295562744
-0.153176606 0.032125231 0.987676501 134.811218262 -0.035831217 0.998633683 -0.038038611 -4.367954731 -0.987549007 -0.041216277 -0.151816234 -35.420097351
-0.151249811 0.033257045 0.987935960 135.636672974 -0.036916621 0.998546720 -0.039266054 -4.411270142 -0.987805963 -0.042410240 -0.149802253 -35.541217804
-0.149188563 0.032577690 0.988271952 136.466201782 -0.027582888 0.998930991 -0.037092958 -4.456014156 -0.988424122 -0.032793239 -0.148130491 -35.673442841
-0.145473644 0.029310606 0.988927841 137.289932251 -0.021348601 0.999235332 -0.032756541 -4.500274181 -0.989131689 -0.025877442 -0.144736707 -35.804187775
-0.143582597 0.024019361 0.989346743 138.109405518 -0.018193815 0.999472260 -0.026905634 -4.543743134 -0.989471018 -0.021863170 -0.143069834 -35.923458099
-0.139945954 0.023694908 0.989875555 138.926055908 -0.015823726 0.999532461 -0.026163181 -4.581454277 -0.990032673 -0.019324955 -0.139505595 -36.039054871
-0.134745017 0.028423676 0.990472555 139.731018066 -0.014439983 0.999426007 -0.030645046 -4.624653339 -0.990774989 -0.018431673 -0.134257227 -36.151149750
-0.128357261 0.031659514 0.991222501 140.530426025 -0.013618656 0.999339819 -0.033682302 -4.662985802 -0.991634488 -0.017822484 -0.127841368 -36.247993469
-0.120269395 0.032622244 0.992205143 141.332717896 -0.013589472 0.999312222 -0.034503147 -4.695436954 -0.992648363 -0.017633215 -0.119743370 -36.338272095
-0.110610545 0.028134357 0.993465543 142.135375977 -0.012112018 0.999486864 -0.029653406 -4.732719421 -0.993790030 -0.015312851 -0.110213004 -36.423751831
-0.098699309 0.026531054 0.994763613 142.931808472 -0.008566745 0.999584734 -0.027509624 -4.772152901 -0.995080411 -0.011237066 -0.098431051 -36.501461029
-0.084731407 0.029203445 0.995975792 143.724853516 -0.004228541 0.999550819 -0.029668007 -4.805934429 -0.996394873 -0.006725336 -0.084569864 -36.570755005
-0.070650361 0.030244621 0.997042537 144.514984131 -0.004810873 0.999518275 -0.030660618 -4.841158867 -0.997489631 -0.006962829 -0.070470802 -36.621105194
-0.056498598 0.029991861 0.997952044 145.305664062 -0.003506678 0.999536693 -0.030238008 -4.880287647 -0.998396635 -0.005207903 -0.056367241 -36.663871765
-0.042985585 0.031533197 0.998577893 146.088333130 -0.002528029 0.999495208 -0.031670984 -4.920002937 -0.999072373 -0.003885831 -0.042884175 -36.692031860
-0.029300334 0.037970327 0.998849213 146.857574463 -0.005442716 0.999257386 -0.038145494 -4.965708256 -0.999555767 -0.006554129 -0.029071910 -36.703437805
-0.016583107 0.047501545 0.998733521 147.622604370 -0.012521760 0.998782694 -0.047711805 -5.006768227 -0.999784112 -0.013297109 -0.015968118 -36.699707031
-0.002985806 0.055448871 0.998457193 148.387542725 -0.016568726 0.998321712 -0.055490911 -5.052184105 -0.999858201 -0.016708847 -0.002062078 -36.685287476
0.010133717 0.056138821 0.998371601 149.152648926 -0.017229706 0.998284400 -0.055959038 -5.099969864 -0.999800146 -0.016634576 0.011083587 -36.668922424
0.022261247 0.052619696 0.998366475 149.927490234 -0.021008497 0.998418033 -0.052153964 -5.149731636 -0.999531448 -0.019813163 0.023331488 -36.643169403
0.032851741 0.050104648 0.998203516 150.690719604 -0.024902206 0.998473585 -0.049298648 -5.205589771 -0.999149919 -0.023237921 0.034049310 -36.603073120
0.041514631 0.056744594 0.997525215 151.444366455 -0.028883398 0.998036861 -0.055571638 -5.261769772 -0.998720348 -0.026504882 0.043072116 -36.556472778
0.048303559 0.064810455 0.996727765 152.189453125 -0.032124985 0.997477233 -0.063302331 -5.312429905 -0.998316050 -0.028962143 0.050263736 -36.510688782
0.051500753 0.067603499 0.996382117 152.938110352 -0.034619268 0.997227490 -0.065871432 -5.365152836 -0.998072743 -0.031101599 0.053698342 -36.465423584
0.051400248 0.063162811 0.996678710 153.691619873 -0.036887720 0.997437060 -0.061308499 -5.421179295 -0.997996688 -0.033613935 0.053598441 -36.418437958
0.049648635 0.058856830 0.997031033 154.448394775 -0.038967136 0.997616231 -0.056950942 -5.483824253 -0.998006284 -0.036023907 0.051823769 -36.375995636
0.046718106 0.055735901 0.997351885 155.196472168 -0.037432626 0.997838497 -0.054009665 -5.535837650 -0.998206437 -0.034810279 0.048703473 -36.339336395
0.043862745 0.056271173 0.997451544 155.940109253 -0.036151111 0.997847974 -0.054703794 -5.581686497 -0.998383224 -0.033659521 0.045802616 -36.303138733
0.040167399 0.056294743 0.997605860 156.680786133 -0.034719978 0.997887254 -0.054912671 -5.635345459 -0.998589575 -0.032431148 0.042037085 -36.271926880
0.035478514 0.054953080 0.997858346 157.420303345 -0.035629090 0.997921824 -0.053689785 -5.687254906 -0.998735130 -0.033647958 0.037362713 -36.238990784
0.030012280 0.055479117 0.998008668 158.155059814 -0.036324751 0.997859478 -0.054378461 -5.732275486 -0.998889327 -0.034620393 0.031963300 -36.211101532
0.024235614 0.053489279 0.998274267 158.899322510 -0.038247004 0.997886121 -0.052539945 -5.783521652 -0.998974442 -0.036907662 0.026230186 -36.192970276
0.019042222 0.051099088 0.998512030 159.649337769 -0.034991194 0.998115361 -0.050411478 -5.835824966 -0.999206185 -0.033979181 0.020794349 -36.187931061
0.013257194 0.051307730 0.998594940 160.379989624 -0.035916682 0.998062611 -0.050803561 -5.880970001 -0.999266803 -0.035192698 0.015074315 -36.171390533
0.007801303 0.052800708 0.998574615 161.101455688 -0.038054489 0.997897267 -0.052467600 -5.926293373 -0.999245167 -0.037590940 0.009794204 -36.155979156
0.004358890 0.054806504 0.998487473 161.839782715 -0.037955109 0.997786641 -0.054602325 -5.983121395 -0.999269903 -0.037659701 0.006429428 -36.155529022
0.002055603 0.056541301 0.998398185 162.560119629 -0.037653059 0.997696579 -0.056424052 -6.037199974 -0.999288738 -0.037476756 0.004179821 -36.154685974
0.000910720 0.058374252 0.998294294 163.275222778 -0.034932047 0.997687340 -0.058306895 -6.085248947 -0.999389291 -0.034819361 0.002947746 -36.158046722
0.001021201 0.056770228 0.998386800 164.003021240 -0.031966440 0.997878909 -0.056708649 -6.135553360 -0.999488413 -0.031856950 0.002833776 -36.152313232
0.005622256 0.052962180 0.998580635 164.726058960 -0.028648937 0.998195112 -0.052780431 -6.188694477 -0.999573708 -0.028311526 0.007129418 -36.156459808
0.013411838 0.052620485 0.998524487 165.428482056 -0.027765140 0.998248875 -0.052233025 -6.241487503 -0.999524474 -0.027023626 0.014849368 -36.145545959
0.024298424 0.053671490 0.998263001 166.122116089 -0.025292883 0.998271167 -0.053056285 -6.287199020 -0.999384642 -0.023959765 0.025613926 -36.119129181
0.038622506 0.053464577 0.997822642 166.815368652 -0.023227096 0.998345971 -0.052593566 -6.335592270 -0.998983860 -0.021145228 0.039800446 -36.087242126
0.053780898 0.051261272 0.997236133 167.494354248 -0.023476494 0.998470306 -0.050058629 -6.380405426 -0.998276711 -0.020719413 0.054902069 -36.044040680
0.069718346 0.046372045 0.996488333 168.175674438 -0.028205154 0.998611271 -0.044497490 -6.424688339 -0.997167885 -0.025003819 0.070929453 -35.977722168
0.085998073 0.039776973 0.995500982 168.856506348 -0.029473096 0.998866916 -0.037365392 -6.464625359 -0.995859265 -0.026127148 0.087072983 -35.905590057
0.103081644 0.033066429 0.994123101 169.533050537 -0.030085243 0.999093592 -0.030112188 -6.495176792 -0.994217753 -0.026804427 0.103983037 -35.825889587
0.120712094 0.025617845 0.992356896 170.201431274 -0.030313160 0.999295831 -0.022109631 -6.525555611 -0.992224574 -0.027412578 0.121403664 -35.734249115
0.137601227 0.020052977 0.990284622 170.860488892 -0.031998128 0.999363124 -0.015790641 -6.552907467 -0.989970744 -0.029514447 0.138155252 -35.628131866
0.155604318 0.017399669 0.987666130 171.502517700 -0.032986403 0.999378741 -0.012409083 -6.582697868 -0.987268567 -0.030648649 0.156081587 -35.517616272
0.173145533 0.015898602 0.984767854 172.141906738 -0.031420458 0.999449968 -0.010611171 -6.602313042 -0.984394848 -0.029104592 0.173549831 -35.393981934
0.190517321 0.015482472 0.981561661 172.780242920 -0.032250114 0.999434590 -0.009504764 -6.617189884 -0.981153905 -0.029844658 0.190908939 -35.256172180
0.206099942 0.014905167 0.978417397 173.385543823 -0.037949178 0.999253511 -0.007228731 -6.634914398 -0.977794826 -0.035640296 0.206511706 -35.110366821
0.220681414 0.011193136 0.975281715 174.009552002 -0.039885260 0.999201238 -0.002442637 -6.650989532 -0.974530160 -0.038360316 0.220951602 -34.955654144
0.232457340 0.007621906 0.972576857 174.625900269 -0.036557134 0.999331176 0.000906015 -6.662190437 -0.971919239 -0.035765231 0.232580513 -34.801776886
0.243342623 0.006424680 0.969919086 175.237960815 -0.034553792 0.999400795 0.002049225 -6.673487663 -0.969324589 -0.034013055 0.243418828 -34.644390106
0.253242105 0.010542065 0.967345476 175.832443237 -0.038950320 0.999240875 -0.000692827 -6.687454224 -0.966618478 -0.037502959 0.253460407 -34.477867126
0.262258112 0.017650943 0.964836299 176.418319702 -0.042695198 0.999065816 -0.006671901 -6.702132702 -0.964052856 -0.039444115 0.262766659 -34.303321838
0.271240234 0.027337048 0.962123394 176.994033813 -0.042545024 0.998960197 -0.016389480 -6.717492104 -0.961570919 -0.036488079 0.272121161 -34.136196136
0.279122293 0.032239672 0.959714174 177.581176758 -0.036678035 0.999064863 -0.022894172 -6.736404419 -0.959554732 -0.028810160 0.280043781 -33.967212677
0.285228461 0.030349907 0.957978845 178.176971436 -0.036494654 0.999117672 -0.020787312 -6.751510620 -0.957764506 -0.029031975 0.286084443 -33.780666351
0.291122764 0.023374341 0.956400096 178.773468018 -0.039407205 0.999146044 -0.012423716 -6.761450291 -0.955873728 -0.034072232 0.291795254 -33.588081360
0.295514405 0.012968598 0.955250263 179.379501343 -0.043368239 0.999059141 -0.000147041 -6.780116558 -0.954353392 -0.041384060 0.295798808 -33.389785767
0.297640055 0.005001147 0.954665065 179.978118896 -0.043520052 0.999017775 0.008334938 -6.796013832 -0.953685701 -0.044027884 0.297565371 -33.199562073
0.298825234 0.003998198 0.954299510 180.572189331 -0.040231194 0.999155045 0.008411695 -6.807728767 -0.953459442 -0.040906236 0.298733562 -33.016384125
0.299381703 0.006161242 0.954113543 181.166549683 -0.037083313 0.999298692 0.005182969 -6.811209202 -0.953412533 -0.036933374 0.299400210 -32.825183868
0.301203221 0.005498135 0.953544080 181.767059326 -0.033492085 0.999427319 0.004816702 -6.811715603 -0.952971637 -0.033386987 0.301214874 -32.637924194
0.302977711 0.003466958 0.952991247 182.368301392 -0.035739407 0.999331295 0.007726834 -6.812351227 -0.952327251 -0.036400411 0.302898973 -32.441921234
0.305637926 -0.000240411 0.952147722 182.970108032 -0.035912115 0.999285519 0.011780046 -6.817302704 -0.951470256 -0.037794072 0.305410922 -32.244373322
0.308568507 -0.005206609 0.951187909 183.562225342 -0.035060257 0.999243259 0.016843315 -6.822378159 -0.950555742 -0.038546208 0.308152407 -32.044822693
0.313251108 -0.008172731 0.949635148 184.177322388 -0.033600472 0.999241590 0.019683260 -6.820941925 -0.949075699 -0.038073994 0.312738866 -31.843734741
0.319085360 -0.010352524 0.947669387 184.780029297 -0.031692553 0.999264479 0.021587210 -6.813698292 -0.947195828 -0.036922224 0.318522602 -31.631282806
0.326866806 -0.013436930 0.944974899 185.394348145 -0.030171074 0.999240935 0.024644732 -6.811477184 -0.944588661 -0.036566451 0.326213241 -31.413917542
0.336981535 -0.015595062 0.941382110 186.019287109 -0.027080407 0.999288559 0.026248179 -6.810385227 -0.941121697 -0.034338158 0.336319476 -31.201045990
0.347759604 -0.013265620 0.937489927 186.624221802 -0.028687151 0.999281228 0.024781404 -6.805615902 -0.937144756 -0.035511881 0.347129047 -30.963180542
0.358989298 -0.009715214 0.933291197 187.226959229 -0.029681701 0.999321282 0.021819595 -6.802225113 -0.932869494 -0.035534665 0.358457327 -30.717617035
0.370925337 -0.006808626 0.928637683 187.824417114 -0.030368326 0.999349475 0.019457081 -6.798076630 -0.928166032 -0.035418302 0.370477289 -30.474819183
0.382402539 -0.006749226 0.923971236 188.432098389 -0.028540621 0.999409914 0.019112336 -6.790451050 -0.923555076 -0.033679318 0.381984293 -30.219326019
0.393758833 -0.009542488 0.919164360 189.055770874 -0.027723143 0.999367893 0.022251396 -6.782427311 -0.918795705 -0.034243803 0.393245429 -29.948017120
0.404414266 -0.010680561 0.914513648 189.659988403 -0.029185714 0.999271810 0.024576899 -6.778293610 -0.914110065 -0.036629982 0.403808087 -29.665649414
0.415536255 -0.011018148 0.909509778 190.273849487 -0.030821595 0.999181867 0.026186220 -6.769814968 -0.909054279 -0.038913880 0.414856732 -29.372886658
0.424906194 -0.012065055 0.905156970 190.890396118 -0.034460519 0.998970807 0.029492257 -6.760014057 -0.904581308 -0.043723624 0.424053133 -29.069915771
